[gd_scene load_steps=8 format=3 uid="uid://bmmnqlkosduru"]

[ext_resource type="PackedScene" uid="uid://cwjajqrrw4tf2" path="res://character_body_3d.tscn" id="1_gcop7"]
[ext_resource type="Script" path="res://cameracontroller.gd" id="2_1qk6h"]
[ext_resource type="PackedScene" uid="uid://c8ouaflgy6kud" path="res://mock_racetrack.tscn" id="2_yj1e4"]

[sub_resource type="BoxShape3D" id="BoxShape3D_36trg"]
size = Vector3(2.90381, 1, 1.07227)

[sub_resource type="BoxMesh" id="BoxMesh_yunun"]
size = Vector3(3, 1, 1)

[sub_resource type="WorldBoundaryShape3D" id="WorldBoundaryShape3D_3p51m"]

[sub_resource type="BoxShape3D" id="BoxShape3D_jjc73"]

[node name="Node3D" type="Node3D"]

[node name="StaticBody3D" type="StaticBody3D" parent="."]

[node name="CollisionShape3D" type="CollisionShape3D" parent="StaticBody3D"]
transform = Transform3D(6.55696, 0, 0, 0, 1.73407, 0, 0, 0, 6.52455, 0.775646, 0.0258064, 0.0400262)
shape = SubResource("BoxShape3D_36trg")

[node name="MeshInstance3D" type="MeshInstance3D" parent="StaticBody3D"]
transform = Transform3D(6.6239, 0, 0, 0, 0.440365, 0.158804, 0, -0.00997772, 7.00878, 1.02366, -0.017805, -0.0243316)
mesh = SubResource("BoxMesh_yunun")

[node name="CharacterBody3D" parent="." instance=ExtResource("1_gcop7")]
transform = Transform3D(1, 0, 0, 0, 1, 0, 0, 0, 1, 9.99885, 2.17694, -15.2122)

[node name="Node3D" type="Node3D" parent="CharacterBody3D"]
script = ExtResource("2_1qk6h")

[node name="CamYaw" type="Node3D" parent="CharacterBody3D/Node3D"]
transform = Transform3D(-0.305164, 0, -0.9523, 0, 1, 0, 0.9523, 0, -0.305164, -3.23187, 0.838544, -0.872795)

[node name="CamPitch" type="Node3D" parent="CharacterBody3D/Node3D/CamYaw"]
transform = Transform3D(0.989688, -0.139575, -0.0321781, 0.139575, 0.889273, 0.43556, -0.0321781, -0.43556, 0.899584, 0, 0, 0)

[node name="Camera3D" type="Camera3D" parent="CharacterBody3D/Node3D/CamYaw/CamPitch"]
transform = Transform3D(1, -3.6514e-08, -5.66743e-08, -7.71297e-10, 1, 5.42122e-09, -2.10677e-09, 5.34433e-09, 1, 0.252625, 1.60955, 0.788348)

[node name="DirectionalLight3D" type="DirectionalLight3D" parent="."]
transform = Transform3D(0.0151605, 0.391438, -0.92008, -0.00644899, 0.920205, 0.391385, 0.999864, -2.94887e-09, 0.0164751, -5.48574, 4.13535, 0.570662)

[node name="RespawnCatcher" type="Area3D" parent="."]
transform = Transform3D(10.1408, 0, 0, 0, 1, 0, 0, 0, 2.99957, 0, -3.80372, 0)

[node name="CollisionShape3D" type="CollisionShape3D" parent="RespawnCatcher"]
transform = Transform3D(492.593, 0, 0, 0, 3.27485, 0, 0, 0, 1.38697, -0.0398034, 0.226247, -0.177509)
shape = SubResource("WorldBoundaryShape3D_3p51m")

[node name="Node3D" parent="." instance=ExtResource("2_yj1e4")]

[node name="Checkpoint 1" type="Area3D" parent="."]

[node name="CollisionShape3D" type="CollisionShape3D" parent="Checkpoint 1"]
transform = Transform3D(1.60442, 0, -10.9239, 0, 20.6775, 0, 1.07496, 0, 16.3044, 17.7856, 6.51716, -7.30801)
shape = SubResource("BoxShape3D_jjc73")

[connection signal="body_entered" from="RespawnCatcher" to="CharacterBody3D" method="_on_area_3d_body_entered"]
[connection signal="body_entered" from="Checkpoint 1" to="CharacterBody3D" method="_on_checkpoint_1_body_entered"]
